3647
3651
3652
3653
3655
3658
3661
3662
3664
3667
3668
3669
3670
3672
3673
3677
3678
3681
3682
3685
3691
3693
3694
3695
3698
3701
3704
3705
3707
3708
3711
3712
3713
3714
3715
3720
3721
3723
3724
3725
3726
3727
3729
3730
3734
3735
3736
3737
3738
3740
3743
3745
3749
3750
3751
3752
3753
3756
3758
3761
3762
3763
3764
3765
3766
3773
3777
3778
3779
3783
3784
3785
3786
3788
3789
3790
3791
3795
3796
3800
3802
3804
3807
3812
3814
3815
3817
3818
3820
3821
3822
3825
3827
3828
3829
3830
3831
3834
3835
3838
3839
3841
3842
3843
3845
3848
3854
3855
3857
3858
3861
3862
3864
3865
3866
3867
3870
3871
3873
3876
3881
3882
3883
3884
3889
3892
3895
3896
3898
3901
3902
3903
3904
3905
3906
3907
3909
3910
3911
3914
3916
3917
3918
3920
3926
3927
3928
3929
3930
3933
3935
3937
3938
3939
3940
3945
3947
3949
3951
3955
3956
3957
3958
3962
3964
3965
3966
3967
3968
3969
3970
3971
3974
3975
3976
3977
3978
3979
3980
3981
3983
3984
3985
3986
3987
3990
3991
3993
3999
4002
4004
4005
4006
4007
4010
4012
4013
4015
4016
4020
4023
4024
4027
4029
4033
4034
4035
4040
4043
4044
4045
4048
4049
4050
4052
4053
4054
4056
4057
4058
4059
4060
4063
4064
4065
4066
4069
4071
4072
4073
4075
4078
4079
4081
4083
4084
4087
4089
4092
4093
4094
4095
4097
4098
4099
4100
4101
4102
4103
4104
4106
4107
4111
4113
4115
4116
4118
4120
4122
4124
4126
4128
4131
4134
4135
4136
4139
4141
4144
4146
4147
4148
4149
4151
4154
4156
4157
4158
4161
4162
4164
4165
4167
4169
4171
4172
4174
4175
4176
4177
4179
4180
4182
4184
4185
4186
4189
4190
4193
4198
4200
4203
4204
4205
4206
4207
4209
4210
4211
4212
4213
4215
4218
4219
4220
4222
4223
4230
4231
4232
4236
4239
4242
4246
4247
4248
4251
4252
4253
4254
4258
4262
4264
4265
4266
4267
4269
4270
4272
4273
4274
4276
4282
4283
4284
4286
4289
4293
4294
4296
4297
4299
4300
4301
4302
4306
4308
4309
4313
4314
4316
4318
4320
4321
4323
4325
4328
4329
4331
4332
4333
4334
4335
4336
4337
4340
4342
4344
4346
4349
4351
4352
4353
4354
4355
4358
4359
4361
4362
4363
4366
4367
4368
4369
4371
4373
4374
4376
4377
4378
4379
4381
4382
4383
4384
4385
4386
4390
4392
4396
4397
4399
4400
4401
4402
4403
4405
4406
4409
4411
4413
4414
4416
4417
4419
4423
4424
4428
4429
4430
4431
4432
4434
4435
4437
4438
4441
4443
4448
4449
4450
4451
4452
4454
4456
4458
4460
4466
4468
4469
4470
4471
4477
4482
4483
4485
4486
4487
4488
4491
4494
4496
4499
4500
4501
4502
4503
4507
4510
4512
4515
4516
4519
4523
4525
4526
4528
4529
4530
4531
4535
4536
4538
4539
4547
4548
4550
4551
4555
4556
4558
4560
4561
4565
4566
4569
4571
4574
4576
4577
4581
4582
4583
4584
4585
4586
4588
4590
4594
4595
4596
4597
4600
4601
4602
4603
4605
4607
4608
4612
4614
4616
4617
4618
4619
4620
4621
4622
4623
4624
4625
4628
4629
4634
4644
4646
4647
4648
4652
4655
4656
4657
4659
4661
4662
4665
4667
4668
4669
4672
4673
4674
4675
4676
4678
4679
4680
4681
4682
4683
4684
4689
4690
4692
4701
4703
4704
4706
4707
4708
4714
4715
4717
4718
4719
4722
4725
4726
4727
4728
4729
4731
4735
4736
4738
4739
4740
4744
4749
4751
4752
4753
4754
4756
4758
4759
4763
4764
4766
4767
4768
4772
4774
4775
4778
4779
4781
4782
4783
4784
4789
4791
4795
4796
4797
4798
4800
4803
4805
4808
4809
4813
4814
4815
4819
4822
4823
4825
4826
4829
4830
4831
4832
4835
4837
4838
4839
4840
4841
4842
4843
4848
4849
4851
4856
4858
4859
4864
4865
4866
4869
4872
4873
4874
4875
4878
4879
4880
4884
4886
4887
4893
4894
4895
4898
4899
4900
4901
4902
4903
4907
4909
4910
4913
4915
4917
4918
4919
4920
4921
4922
4923
4925
4927
4929
4930
4931
4932
4936
4937
4938
4945
4949
4950
4951
4953
4954
4956
4960
4963
4964
4966
4968
4969
4971
4972
4973
4974
4975
4977
4978
4979
4981
4982
4983
4984
4986
4987
4988
4989
4990
4991
4992
4993
4995
4997
5001
5002
5003
5005
5006
5007
5009
5010
5011
5012
5013
5014
5018
5019
5020
5021
5022
5023
5026
5027
5029
5031
5032
5035
5036
5037
5039
5041
5042
5045
5047
5048
5050
5054
5056
5057
5058
5061
5062
5064
5065
5066
5067
5069
5070
5071
5074
5075
5078
5080
5081
5083
5084
5089
5090
5092
5093
5094
5102
5103
5106
5109
5113
5114
5118
5124
5127
5128
5130
5133
5136
5137
5138
5139
5141
5142
5143
5144
5145
5146
5147
5150
5151
5152
5154
5155
5158
5160
5162
5163
5164
5167
5168
5169
5170
5172
5173
5174
5175
5176
5178
5183
5184
5191
5200
5203
5205
5206
5207
5208
5209
5211
5212
5213
5215
5218
5219
5221
5224
5226
5228
5229
5231
5232
5233
5234
5236
5238
