1809
1810
1811
1812
1815
1816
1817
1819
1820
1821
1824
1825
1827
1829
1830
1833
1834
1835
1836
1838
1839
1840
1843
1845
1847
1848
1849
1850
1853
1854
1855
1856
1857
1858
1860
1861
1864
1869
1873
1874
1875
1876
1877
1878
1883
1884
1885
1886
1887
1888
1890
1893
1901
1903
1905
1906
1908
1909
1910
1913
1915
1917
1918
1919
1920
1921
1923
1925
1928
1930
1931
1934
1935
1936
1937
1938
1940
1941
1942
1943
1944
1946
1949
1951
1952
1953
1954
1955
1956
1957
1958
1960
1961
1962
1963
1964
1967
1973
1976
1978
1981
1982
1984
1985
1986
1987
1988
1991
1992
1997
1999
2001
2003
2007
2009
2010
2011
2012
2013
2015
2017
2019
2020
2021
2023
2024
2025
2028
2029
2030
2035
2036
2038
2039
2043
2044
2045
2049
2052
2053
2054
2057
2058
2059
2060
2063
2064
2065
2067
2068
2069
2070
2073
2077
2079
2080
2081
2082
2083
2084
2085
2086
2087
2088
2089
2093
2096
2098
2099
2101
2102
2103
2106
2110
2111
2112
2113
2114
2115
2116
2117
2118
2119
2120
2121
2122
2129
2131
2132
2137
2141
2142
2143
2146
2148
2151
2154
2156
2165
2166
2167
2169
2170
2173
2176
2180
2181
2185
2186
2188
2189
2190
2191
2192
2193
2194
2195
2196
2197
2198
2200
2204
2206
2207
2209
2211
2212
2213
2214
2217
2218
2219
2220
2223
2225
2227
2228
2229
2231
2232
2233
2236
2240
2241
2242
2247
2248
2250
2251
2253
2255
2256
2257
2261
2263
2264
2269
2271
2273
2277
2278
2283
2285
2287
2289
2292
2295
2298
2299
2301
2302
2306
2308
2311
2312
2314
2315
2316
2319
2321
2322
2324
2326
2328
2330
2331
2333
2334
2335
2336
2338
2340
2341
2344
2345
2347
2348
2353
2356
2357
2360
2361
2362
2363
2364
2365
2366
2367
2370
2372
2373
2374
2375
2378
2379
2381
2382
2383
2384
2386
2388
2391
2392
2393
2394
2397
2398
2399
2400
2401
2402
2405
2406
2412
2413
2414
2415
2417
2419
2423
2424
2425
2427
2430
2432
2433
2435
2436
2437
2441
2442
2444
2445
2446
2447
2448
2449
2450
2454
2455
2458
2460
2461
2464
2465
2467
2474
2475
2476
2478
2482
2483
2484
2486
2489
2491
2492
2493
2494
2497
2498
2499
2500
2502
2503
2505
2506
2508
2509
2511
2516
2519
2528
2529
2530
2531
2532
2533
2538
2539
2540
2541
2543
2546
2547
2548
2550
2551
2555
2556
2559
2563
2564
2567
2568
2569
2570
2571
2572
2573
2577
2578
2579
2580
2581
2582
2585
2586
2588
2589
2591
2592
2593
2596
2598
2599
2600
2601
2602
2603
2605
2606
2608
2609
2611
2612
2615
2616
2618
2619
2624
2625
2627
2628
2631
2632
2633
2634
2635
2638
2640
2643
2646
2647
2649
2650
2651
2652
2654
2655
2656
2657
2661
2662
2663
2664
2665
2667
2673
2674
2675
2677
2678
2679
2681
2683
2684
2688
2690
2692
2693
2696
2697
2698
2700
2702
2703
2707
2709
2710
2712
2714
2717
2720
2722
2726
2727
2728
2729
2731
2732
2733
2735
2736
2739
2742
2745
2747
2752
2753
2756
2757
2758
2759
2763
2764
2767
2771
2773
2774
2775
2777
2783
2784
2785
2787
2790
2791
2792
2793
2794
2795
2796
2798
2799
2800
2803
2804
2805
2806
2807
2813
2814
2816
2817
2818
2819
2820
2823
2824
2826
2827
2829
2830
2831
2832
2833
2840
2844
2845
2846
2847
2849
2850
2851
2852
2855
2857
2859
2860
2861
2863
2864
2865
2866
2870
2871
2872
2873
2874
2875
2876
2877
2878
2880
2885
2887
2890
2894
2896
2898
2901
2903
2904
2905
2906
2908
2909
2910
2911
2917
2919
2920
2921
2922
2924
2926
2929
2932
2933
2934
2935
2937
2939
2941
2942
2943
2945
2946
2947
2949
2951
2952
2953
2954
2955
2957
2958
2959
2962
2964
2965
2966
2970
2972
2975
2976
2978
2979
2982
2983
2985
2990
2992
2995
2997
2998
3000
3001
3002
3003
3006
3007
3008
3009
3010
3012
3013
3014
3015
3021
3022
3023
3026
3029
3031
3032
3034
3038
3040
3041
3042
3044
3045
3046
3047
3048
3049
3051
3052
3053
3054
3056
3059
3060
3062
3063
3064
3065
3068
3069
3070
3071
3072
3073
3076
3078
3079
3082
3085
3090
3092
3093
3097
3098
3099
3100
3101
3102
3103
3105
3106
3108
3110
3111
3112
3113
3116
3117
3118
3120
3122
3125
3128
3130
3131
3134
3147
3149
3151
3152
3153
3155
3157
3158
3162
3164
3165
3166
3167
3168
3169
3171
3172
3174
3182
3183
3187
3188
3195
3197
3198
3199
3200
3202
3204
3205
3208
3209
3210
3212
3213
3214
3216
3218
3219
3220
3221
3222
3225
3228
3229
3231
3233
3234
3238
3239
3242
3243
3252
3253
3254
3256
3261
3262
3264
3265
3268
3269
3270
3271
3272
3278
3279
3282
3283
3284
3285
3286
3290
3291
3292
3294
3296
3297
3298
3299
3300
3301
3302
3304
3308
3309
3314
3315
3317
3318
3321
3323
3324
3326
3327
3328
3329
3330
3336
3337
3338
3341
3345
3346
3351
3352
3354
3355
3356
3360
3365
3366
3367
3368
3369
3371
3372
3373
3377
3379
3380
3381
3382
3383
3386
3388
3390
3391
3392
3401
3403
3405
3408
3409
3410
3412
3413
3414
3417
3420
3421
3422
3428
3429
3431
3434
3435
3437
3438
3439
3440
3441
3442
3444
3446
3447
3448
3450
3451
3452
3455
3456
3457
3459
3460
3461
3463
3465
3466
3467
3468
3469
3470
3473
3475
3476
3479
3482
3485
3486
3487
3488
3489
3491
3496
3499
3501
3502
3503
3507
3511
3514
3515
3518
3519
3523
3524
3528
3531
3532
3533
3534
3537
3538
3540
3541
3542
3543
3544
3545
3546
3547
3548
3551
3552
3557
3558
3562
3564
3567
3568
3570
3571
3572
3574
3575
3576
3578
3582
3585
3586
3589
3590
3591
3593
3594
3595
3597
3598
3602
3603
3604
3605
3608
3609
3613
3614
3617
3620
3621
3622
3623
3624
3626
3627
3629
3632
3633
3636
3637
3638
3643
3645
3646
