2
3
7
11
12
14
15
16
21
24
30
31
36
38
40
42
43
47
50
55
56
58
59
60
62
66
67
69
71
72
73
74
75
78
80
81
82
83
86
89
91
93
95
96
98
103
104
105
107
109
114
115
116
117
120
123
125
128
129
130
131
134
136
140
142
143
144
147
148
150
152
154
156
157
159
163
164
168
169
173
174
176
178
179
182
186
187
188
191
192
193
197
198
199
203
204
208
211
213
214
216
218
219
220
221
222
225
226
228
232
234
236
237
238
239
241
242
243
247
248
250
251
255
256
257
258
259
260
263
264
266
268
270
274
277
280
281
283
284
286
287
288
290
291
292
293
294
295
297
298
299
301
302
304
305
309
310
316
317
319
320
322
326
328
330
333
334
338
341
342
344
345
346
347
351
352
354
355
356
357
358
360
363
365
366
368
369
371
374
378
379
380
382
383
386
387
390
391
392
393
394
395
396
397
398
400
403
404
406
409
412
415
418
419
421
423
424
427
429
430
431
432
433
434
438
439
441
442
443
444
446
448
449
450
452
453
456
458
459
461
462
463
464
467
468
470
472
473
476
479
481
484
485
491
493
494
496
497
498
499
500
501
502
504
507
508
509
510
512
514
515
519
520
522
523
525
528
533
534
540
542
543
547
551
553
555
556
561
562
564
566
567
568
569
570
572
573
577
578
579
581
582
584
585
586
587
588
589
591
594
596
597
598
599
600
601
602
603
605
606
608
611
614
615
616
617
618
619
621
622
624
626
629
630
631
632
633
641
642
645
647
648
653
654
655
657
659
667
668
669
670
671
672
674
678
683
685
687
688
689
691
693
694
695
696
697
698
700
701
702
705
710
712
713
716
720
721
722
723
724
726
728
729
730
731
732
735
738
740
742
743
744
745
749
750
751
752
754
755
757
758
759
760
762
763
764
766
769
772
773
774
775
776
777
778
779
781
784
785
786
787
793
794
795
796
799
800
801
803
804
806
807
808
809
811
812
814
815
819
820
824
828
830
831
832
833
837
839
841
842
844
845
846
847
852
854
855
858
868
869
870
871
872
873
874
878
880
882
883
884
887
888
889
890
891
892
896
898
899
900
901
902
904
906
907
908
909
910
911
914
915
917
919
921
922
923
924
926
927
929
930
931
932
933
934
935
938
942
943
946
948
950
953
954
956
958
959
960
961
962
966
967
968
971
972
973
974
976
977
979
981
983
984
986
988
990
991
994
995
999
1000
1002
1004
1006
1007
1010
1013
1014
1016
1017
1018
1019
1020
1022
1023
1024
1025
1026
1027
1028
1031
1033
1035
1036
1039
1040
1042
1044
1045
1046
1047
1048
1049
1050
1052
1054
1055
1056
1057
1058
1061
1065
1066
1069
1070
1071
1073
1076
1078
1079
1080
1081
1084
1086
1089
1090
1092
1093
1094
1095
1096
1098
1099
1100
1101
1102
1106
1110
1114
1115
1117
1119
1120
1121
1122
1125
1127
1128
1129
1132
1133
1135
1136
1137
1138
1139
1140
1141
1145
1146
1147
1149
1150
1151
1152
1153
1155
1157
1158
1159
1160
1161
1162
1165
1166
1167
1168
1171
1173
1174
1176
1177
1178
1179
1182
1185
1186
1188
1189
1190
1192
1193
1195
1197
1198
1199
1200
1202
1203
1206
1212
1213
1215
1219
1221
1224
1225
1226
1227
1228
1229
1230
1231
1233
1234
1235
1238
1239
1243
1244
1245
1246
1249
1252
1257
1258
1259
1260
1261
1263
1264
1267
1268
1271
1272
1274
1275
1276
1278
1279
1280
1283
1284
1287
1292
1295
1296
1297
1298
1299
1301
1302
1303
1308
1311
1314
1316
1317
1318
1320
1321
1327
1328
1331
1333
1334
1335
1338
1339
1340
1341
1344
1346
1349
1351
1354
1357
1358
1360
1362
1364
1365
1366
1367
1370
1372
1376
1378
1379
1382
1385
1386
1387
1388
1390
1391
1394
1395
1396
1397
1398
1399
1401
1403
1404
1405
1407
1408
1409
1410
1411
1412
1413
1417
1420
1421
1427
1428
1431
1432
1435
1437
1438
1441
1442
1443
1445
1446
1448
1449
1451
1452
1454
1458
1460
1461
1462
1463
1465
1466
1471
1472
1476
1479
1481
1484
1490
1492
1493
1495
1497
1498
1500
1501
1504
1506
1507
1509
1510
1511
1512
1513
1514
1515
1516
1518
1519
1520
1524
1526
1527
1529
1531
1533
1534
1535
1536
1542
1543
1544
1545
1547
1548
1549
1551
1552
1553
1554
1557
1559
1560
1561
1563
1569
1570
1571
1573
1574
1575
1576
1577
1582
1583
1584
1586
1588
1589
1590
1591
1594
1596
1597
1598
1600
1601
1602
1603
1604
1606
1607
1609
1610
1611
1612
1613
1614
1615
1616
1618
1619
1620
1621
1623
1625
1627
1629
1632
1633
1634
1635
1638
1641
1643
1644
1645
1646
1650
1652
1653
1655
1658
1659
1661
1663
1664
1665
1666
1670
1671
1672
1674
1678
1679
1680
1682
1686
1687
1688
1689
1690
1691
1694
1696
1697
1702
1705
1707
1708
1714
1715
1716
1717
1718
1722
1723
1724
1730
1733
1734
1735
1737
1741
1742
1743
1746
1748
1749
1750
1754
1755
1757
1758
1759
1760
1761
1763
1764
1765
1766
1768
1773
1774
1777
1779
1780
1782
1784
1787
1789
1792
1793
1795
1796
1798
1799
1800
1801
1802
1804
1806
